8
688
107
219
299
644
947
12993
12994
12995
12996
12997
12998
801
561
913
937
457
497
264
492
352
476
516
442
434
610
274
330
532
241
635
683
308
340
698
507
212
276
284
291
260
268
1139
240
248
256
391
399
407
415
431
438
446
454
471
486
495
504
10703
10704
632
1037
502
583
952
780
672
56
998
481
458
465
473
278
23
411
418
426
435
1022
1031
342
298
549
718
733
422
1044
475
170
155
262
1097
797
313
4
580
271
874
381
128
294
374
771
612
7
354
96
429
437
445
765
512
10722
10720
10674
10672
10677
10675
10680
10678
10683
10681
10686
10684
91
1009
81
153
8
688
68
667
107
219
299
644
947
12993
12994
12995
12996
12997
12998
801
561
913
937
457
497
264
492
352
476
516
442
434
610
274
330
532
241
635
683
308
340
698
507
212
220
228
159
160
168
276
284
291
260
391
399
407
415
431
438
446
454
471
486
495
504
10703
10704
632
1037
502
583
952
780
672
56
998
481
458
465
473
278
23
411
418
1022
1031
342
298
549
718
733
422
1044
475
218
1020
155
262
953
1097
470
797
313
4
381
246
128
294
374
771
612
867
1093
621
146
354
429
437
445
661
852
209
202
765
512
10713
10711
10722
10720
10674
10672
10677
10675
10680
10678
10683
10681
10686
10684
91
1009
81
153
8
688
68
667
107
219
299
644
947
12993
12994
12995
12996
12997
12998
801
561
913
937
457
497
264
492
352
476
516
442
434
610
542
430
687
590
532
241
635
683
308
340
698
507
212
220
228
236
244
159
160
168
276
284
291
391
399
407
415
431
438
446
454
471
486
495
504
10703
10704
632
502
583
952
672
56
998
481
458
465
473
1031
342
298
549
718
733
422
218
1020
155
262
953
1097
390
194
470
797
313
302
4
381
246
128
294
215
628
1061
374
1052
771
612
867
398
1093
534
621
146
354
903
429
437
445
661
576
235
852
978
209
202
225
512
10713
10711
10722
10720
10674
10672
10680
10678
10683
10681
10686
10684
91
1009
81
153
8
688
68
667
107
219
299
644
947
12993
12994
12995
12996
12997
12998
801
561
913
937
457
497
264
492
352
476
516
442
434
610
274
542
430
687
590
532
241
635
683
308
340
698
507
212
220
228
236
244
151
188
196
159
160
168
276
284
291
391
399
407
415
431
438
446
454
471
486
495
504
10703
10704
632
502
583
952
672
56
998
481
458
465
473
1031
342
298
596
549
718
733
422
218
1020
155
262
953
1097
390
194
226
470
797
313
302
4
381
246
128
294
215
628
1061
616
374
1052
771
867
398
931
1093
534
621
146
354
711
429
437
661
135
136
235
852
978
209
202
225
217
512
10713
10711
10722
10720
10725
10723
10728
10726
10731
10729
10734
10732
10737
10735
91
81
153
8
688
68
667
107
219
299
644
947
12993
12994
12995
12996
12997
12998
801
561
913
937
457
497
264
492
352
476
516
442
434
542
430
687
532
241
635
683
308
340
698
507
212
220
228
236
244
151
188
196
204
159
160
168
276
284
391
399
407
415
431
438
446
454
471
486
495
504
10703
10704
632
502
583
952
672
56
998
481
458
465
473
342
596
351
549
629
685
718
733
422
218
1020
255
155
262
953
1097
390
194
226
364
797
313
302
4
460
381
246
128
294
215
628
1061
616
214
374
1052
771
867
398
931
1093
621
146
354
711
429
437
661
136
235
395
852
978
202
225
217
512
10710
10708
10713
10711
10722
10720
10725
10723
10728
10726
10731
10729
10734
10732
10737
10735
989
91
1009
81
153
8
688
68
667
107
219
299
644
947
12993
12994
12995
12996
12997
12998
801
561
913
937
457
497
264
492
352
476
516
442
434
542
606
430
687
532
241
635
683
308
340
698
507
212
220
228
236
244
151
188
196
204
159
160
168
291
391
399
407
415
431
438
446
454
471
486
495
504
10703
10704
632
502
583
952
672
56
481
458
465
473
342
596
351
549
629
685
733
741
422
218
1020
255
64
155
930
262
953
1097
210
194
226
797
313
302
4
460
381
749
246
128
294
795
215
628
1061
214
771
867
398
931
1093
147
146
354
711
651
429
661
136
235
395
852
978
202
225
512
10710
10708
10713
10711
10722
10720
10725
10723
10728
10726
10731
10729
10734
10732
10737
10735
989
91
1009
81
98
153
8
688
68
667
107
219
299
644
947
264
492
352
476
516
442
434
610
274
330
542
606
430
687
698
507
212
220
228
236
244
151
188
196
159
160
168
1042
391
399
407
415
431
438
446
454
486
495
504
10703
10704
632
502
672
56
481
458
465
473
250
258
342
596
351
549
629
685
733
741
422
218
255
127
64
362
907
575
930
262
953
1097
88
210
525
1004
194
226
173
614
797
796
313
302
4
749
128
294
795
215
706
1061
214
771
398
898
931
1093
574
162
146
354
651
1048
136
235
395
978
202
225
512
10710
10708
10713
10711
10722
10720
10725
10723
10728
10726
10731
10729
10734
10732
10737
10735
989
1009
81
98
153
8
688
68
667
107
219
299
644
947
572
1053
739
179
264
492
352
476
516
442
434
610
274
542
606
430
698
507
212
220
228
236
244
159
160
168
1042
1067
1075
391
399
407
415
431
438
446
454
486
495
504
10703
10704
632
502
56
481
458
465
473
250
258
266
310
342
596
581
351
287
549
629
685
741
422
127
64
1113
362
907
575
930
262
186
953
1097
38
830
523
88
491
525
515
980
1004
693
946
173
797
313
302
4
749
128
294
795
50
531
634
706
1061
214
771
398
898
931
1093
574
162
146
354
651
653
839
1048
83
136
307
395
169
202
512
10707
10705
10710
10708
10713
10711
10722
10720
10725
10723
10728
10726
10731
10729
10734
10732
10737
10735
989
1009
81
129
140
145
8
688
107
219
299
644
947
572
1053
739
179
227
171
304
363
84
132
264
492
352
476
516
442
434
610
274
330
542
606
430
698
507
212
220
228
236
244
159
160
168
1034
1042
1067
1075
391
399
407
415
431
438
446
454
486
495
504
10703
10704
632
502
56
481
489
458
465
473
250
258
266
310
342
596
581
351
287
549
685
741
422
127
1113
362
366
15
181
189
599
930
186
953
1097
38
830
523
88
491
525
515
980
1004
693
946
173
614
313
302
4
749
128
294
795
50
531
634
214
35
115
757
100
872
771
880
898
931
1093
574
679
146
354
1039
651
653
839
1048
83
307
395
169
202
773
512
10707
10705
10710
10708
10713
10711
10722
10720
10725
10723
10728
10726
10731
10729
10734
10732
10737
10735
1009
129
140
145
8
688
107
219
299
572
739
211
171
304
556
264
442
434
610
542
430
687
698
507
212
220
228
236
244
159
160
168
1034
1042
1067
1075
438
446
454
486
495
504
10703
632
982
19
56
458
465
250
258
266
333
596
581
351
549
685
741
609
1120
59
362
366
1077
149
15
181
189
599
483
186
953
1097
38
223
830
523
126
286
88
491
525
515
693
946
313
302
4
749
294
795
67
587
35
115
12
100
591
872
771
880
898
931
1093
574
679
354
207
1039
651
839
1048
83
202
773
206
222
512
10707
10705
10710
10708
10713
10711
10722
10720
10725
10723
10728
10726
10731
10729
10734
10732
10737
10735
129
140
145
8
688
12993
12994
12995
12996
12997
12998
36
180
148
187
638
897
1106
1010
1058
857
801
561
913
937
457
497
996
328
1101
783
111
704
694
836
427
988
977
698
276
284
291
216
224
232
408
416
424
1140
1141
399
407
415
1121
715
764
52
92
387
526
543
664
712
550
259
324
371
419
1133
502
583
952
966
131
311
451
672
512
10677
10675
10680
10678
10689
10687
10692
81
8
688
572
171
264
442
542
698
507
212
1034
258
564
596
581
549
609
1120
59
149
15
181
189
599
953
1097
223
452
126
338
491
525
1126
946
173
10671
313
302
4
294
795
587
35
975
115
12
100
197
591
872
771
880
898
931
1093
574
679
354
207
1039
651
1048
83
773
206
230
222
512
10707
10705
10710
10708
10713
10711
10722
10720
10725
10723
10728
10726
10731
10729
10734
10732
10737
10735
1009
129
140
145
164
8
688
320
943
648
572
1053
739
171
304
363
264
492
352
442
434
610
274
542
606
430
687
590
698
507
212
1034
1042
1067
1075
399
407
415
438
446
454
486
495
504
10703
632
982
19
56
458
465
250
258
266
333
564
596
581
351
549
685
741
609
1120
59
362
366
1077
149
15
181
189
599
483
186
953
1097
38
223
272
830
523
286
88
491
525
515
1004
693
946
313
302
4
294
795
531
35
975
115
100
771
880
898
931
1093
574
679
354
207
1039
651
839
1048
83
202
773
206
222
512
10710
10708
10713
10711
10722
10720
10725
10723
10728
10726
10731
10729
10734
10732
10737
10735
129
140
145
8
688
12993
12994
12995
12996
12997
12998
36
180
187
638
897
1106
1010
1058
857
849
801
561
913
937
457
497
996
328
1101
783
704
694
800
675
836
427
988
977
698
276
284
291
216
224
232
408
416
424
1140
1141
391
399
407
415
431
438
446
454
471
486
495
504
1121
715
764
52
92
387
526
543
664
712
550
259
324
371
419
1133
502
583
952
966
131
303
311
451
780
672
998
512
10677
10675
10680
10678
10683
10681
10689
10687
10692
10690
81
8
688
12993
12994
12995
12996
12997
12998
36
180
187
638
662
897
1106
1010
1058
857
849
801
561
913
937
457
497
996
328
1101
783
704
694
800
675
836
427
988
977
1045
698
276
284
291
216
224
232
240
248
256
408
416
424
1141
391
399
407
415
431
438
446
454
471
486
495
504
10703
1121
715
764
52
92
387
526
543
664
712
550
259
324
371
419
1133
502
583
952
966
131
303
311
451
780
672
998
354
512
10677
10675
10680
10678
10683
10681
10689
10687
10692
10690
81
8
688
12993
12994
12995
12996
12997
12998
36
180
187
638
662
897
1106
1010
1058
857
849
801
561
913
937
457
497
996
328
1101
783
831
704
694
800
675
836
427
988
977
698
276
284
291
216
224
232
240
248
256
408
416
424
391
399
407
415
431
438
446
454
471
486
495
504
10703
632
526
468
508
664
712
550
259
324
371
502
583
952
966
303
311
451
334
780
672
998
278
544
551
1105
354
512
10674
10677
10675
10680
10678
10683
10681
10689
10687
10692
10690
81
8
688
107
219
299
644
947
12993
12994
12995
12996
12997
12998
801
561
913
937
457
497
996
328
1101
783
831
704
694
800
675
836
427
988
977
1045
698
276
284
291
192
200
208
216
224
232
240
248
256
391
399
407
415
431
438
446
454
471
486
495
504
10703
10704
632
526
543
664
712
550
259
324
371
1084
502
583
952
966
303
311
327
334
780
672
998
278
544
551
1105
1022
354
112
101
512
10674
10672
10677
10675
10680
10678
10683
10681
10689
10687
10692
10690
81
153
8
688
107
219
299
644
947
12993
12994
12995
12996
12997
12998
801
561
913
937
457
497
996
328
1101
783
831
704
694
800
675
532
241
635
683
308
340
836
427
988
977
1045
698
276
284
291
192
200
216
224
232
240
248
256
391
399
407
415
431
438
446
454
471
486
495
504
10703
10704
632
526
543
664
712
550
843
1084
502
583
952
966
303
311
327
334
780
672
998
278
544
551
559
1105
1022
354
112
101
512
10674
10672
10677
10675
10680
10678
10683
10681
10686
10684
10689
10687
10692
10690
846
1009
81
153
8
688
107
219
299
644
947
12993
12994
12995
12996
12997
12998
801
561
913
937
457
497
996
328
1101
783
831
704
694
800
675
699
442
434
545
610
274
330
532
241
635
683
308
340
698
276
284
291
192
200
208
216
224
232
240
248
256
391
399
407
415
431
438
446
454
471
486
495
504
10703
10704
632
843
1037
1084
502
583
952
303
327
334
780
672
998
278
23
544
559
1105
426
1022
342
549
170
262
27
178
354
112
96
101
512
10722
10720
10674
10672
10677
10675
10680
10678
10683
10681
10686
10684
846
1009
81
153
8
688
107
219
299
644
947
12993
12994
12995
12996
12997
12998
801
561
913
937
457
497
264
492
352
476
996
328
1101
783
831
704
694
800
675
699
442
434
545
610
274
330
532
241
635
683
308
340
698
276
284
291
260
268
1139
192
200
208
216
224
232
240
248
256
391
399
407
415
431
438
446
454
471
486
495
504
10703
10704
632
1037
1084
502
583
952
327
334
780
672
998
481
458
465
473
278
23
559
411
426
1022
1031
342
549
422
1044
475
170
262
27
178
321
1097
797
771
7
354
96
101
429
512
10722
10720
10674
10672
10677
10675
10680
10678
10683
10681
10686
10684
846
1009
81
153
8
688
107
219
299
644
947
12993
12994
12995
12996
12997
12998
801
561
913
937
457
497
264
492
352
476
516
996
328
1101
783
831
704
694
800
675
699
442
434
545
610
274
532
241
635
683
308
340
698
276
284
291
260
268
1139
192
200
208
232
240
248
256
391
399
407
415
431
438
446
454
471
486
495
504
10703
10704
632
1037
1084
502
583
952
327
780
672
56
998
481
458
465
473
278
23
559
411
426
435
1022
1031
342
298
549
718
733
422
1044
475
170
262
178
1097
797
313
874
381
771
612
7
354
96
429
437
445
512
10722
10720
10674
10672
10677
10675
10680
10678
10683
10681
10686
10684
846
1009
81
153
8
688
107
219
299
644
947
12993
12994
12995
12996
12997
12998
801
561
913
937
457
497
264
492
352
476
516
442
434
610
274
330
532
241
635
683
308
340
698
507
212
276
284
291
260
268
1139
240
248
256
391
399
407
415
431
438
446
454
471
486
495
504
10703
10704
632
1037
502
583
952
780
672
56
998
481
458
465
473
278
23
411
418
426
435
1022
1031
342
298
549
718
733
422
1044
475
170
155
262
1097
797
313
4
580
271
874
381
128
294
374
771
612
7
354
96
429
437
445
765
512
10722
10720
10674
10672
10677
10675
10680
10678
10683
10681
10686
10684
91
1009
81
153
8
688
68
667
107
219
299
644
947
12993
12994
12995
12996
12997
12998
801
561
913
937
457
497
264
492
352
476
516
442
434
610
274
330
532
241
635
683
308
340
698
507
212
220
228
159
160
168
276
284
291
260
391
399
407
415
431
438
446
454
471
486
495
504
10703
10704
632
1037
502
583
952
780
672
56
998
481
458
465
473
278
23
411
418
1022
1031
342
298
549
718
733
422
1044
475
218
1020
155
262
953
1097
470
797
313
4
381
246
128
294
374
771
612
867
1093
621
146
354
429
437
445
661
852
209
202
765
512
10713
10711
10722
10720
10674
10672
10677
10675
10680
10678
10683
10681
10686
10684
91
1009
81
153
8
688
68
667
107
219
299
644
947
12993
12994
12995
12996
12997
12998
801
561
913
937
457
497
264
492
352
476
516
442
434
610
542
430
687
590
532
241
635
683
308
340
698
507
212
220
228
236
244
159
160
168
276
284
291
391
399
407
415
431
438
446
454
471
486
495
504
10703
10704
632
502
583
952
672
56
998
481
458
465
473
1031
342
298
549
718
733
422
218
1020
155
262
953
1097
390
194
470
797
313
302
4
381
246
128
294
215
628
1061
374
1052
771
612
867
398
1093
534
621
146
354
903
429
437
445
661
576
235
852
978
209
202
225
512
10713
10711
10722
10720
10674
10672
10680
10678
10683
10681
10686
10684
91
1009
81
153
8
688
68
667
107
219
299
644
947
12993
12994
12995
12996
12997
12998
801
561
913
937
457
497
264
492
352
476
516
442
434
610
274
542
430
687
590
532
241
635
683
308
340
698
507
212
220
228
236
244
151
188
196
159
160
168
276
284
291
391
399
407
415
431
438
446
454
471
486
495
504
10703
10704
632
502
583
952
672
56
998
481
458
465
473
1031
342
298
596
549
718
733
422
218
1020
155
262
953
1097
390
194
226
470
797
313
302
4
381
246
128
294
215
628
1061
616
374
1052
771
867
398
931
1093
534
621
146
354
711
429
437
661
135
136
235
852
978
209
202
225
217
512
10713
10711
10722
10720
10725
10723
10728
10726
10731
10729
10734
10732
10737
10735
91
81
153
8
688
68
667
107
219
299
644
947
12993
12994
12995
12996
12997
12998
801
561
913
937
457
497
264
492
352
476
516
442
434
542
430
687
532
241
635
683
308
340
698
507
212
220
228
236
244
151
188
196
204
159
160
168
276
284
391
399
407
415
431
438
446
454
471
486
495
504
10703
10704
632
502
583
952
672
56
998
481
458
465
473
342
596
351
549
629
685
718
733
422
218
1020
255
155
262
953
1097
390
194
226
364
797
313
302
4
460
381
246
128
294
215
628
1061
616
214
374
1052
771
867
398
931
1093
621
146
354
711
429
437
661
136
235
395
852
978
202
225
217
512
10710
10708
10713
10711
10722
10720
10725
10723
10728
10726
10731
10729
10734
10732
10737
10735
989
91
1009
81
153
8
688
68
667
107
219
299
644
947
12993
12994
12995
12996
12997
12998
801
561
913
937
457
497
264
492
352
476
516
442
434
542
606
430
687
532
241
635
683
308
340
698
507
212
220
228
236
244
151
188
196
204
159
160
168
291
391
399
407
415
431
438
446
454
471
486
495
504
10703
10704
632
502
583
952
672
56
481
458
465
473
342
596
351
549
629
685
733
741
422
218
1020
255
64
155
930
262
953
1097
210
194
226
797
313
302
4
460
381
749
246
128
294
795
215
628
1061
214
771
867
398
931
1093
147
146
354
711
651
429
661
136
235
395
852
978
202
225
512
10710
10708
10713
10711
10722
10720
10725
10723
10728
10726
10731
10729
10734
10732
10737
10735
989
91
1009
81
98
153
8
688
68
667
107
219
299
644
947
264
492
352
476
516
442
434
610
274
330
542
606
430
687
698
507
212
220
228
236
244
151
188
196
159
160
168
1042
391
399
407
415
431
438
446
454
486
495
504
10703
10704
632
502
672
56
481
458
465
473
250
258
342
596
351
549
629
685
733
741
422
218
255
127
64
362
907
575
930
262
953
1097
88
210
525
1004
194
226
173
614
797
796
313
302
4
749
128
294
795
215
706
1061
214
771
398
898
931
1093
574
162
146
354
651
1048
136
235
395
978
202
225
512
10710
10708
10713
10711
10722
10720
10725
10723
10728
10726
10731
10729
10734
10732
10737
10735
989
1009
81
98
153
8
688
68
667
107
219
299
644
947
572
1053
739
179
264
492
352
476
516
442
434
610
274
542
606
430
698
507
212
220
228
236
244
159
160
168
1042
1067
1075
391
399
407
415
431
438
446
454
486
495
504
10703
10704
632
502
56
481
458
465
473
250
258
266
310
342
596
581
351
287
549
629
685
741
422
127
64
1113
362
907
575
930
262
186
953
1097
38
830
523
88
491
525
515
980
1004
693
946
173
797
313
302
4
749
128
294
795
50
531
634
706
1061
214
771
398
898
931
1093
574
162
146
354
651
653
839
1048
83
136
307
395
169
202
512
10707
10705
10710
10708
10713
10711
10722
10720
10725
10723
10728
10726
10731
10729
10734
10732
10737
10735
989
1009
81
129
140
145
8
688
107
219
299
644
947
572
1053
739
179
227
171
304
363
84
132
264
492
352
476
516
442
434
610
274
330
542
606
430
698
507
212
220
228
236
244
159
160
168
1034
1042
1067
1075
391
399
407
415
431
438
446
454
486
495
504
10703
10704
632
502
56
481
489
458
465
473
250
258
266
310
342
596
581
351
287
549
685
741
422
127
1113
362
366
15
181
189
599
930
186
953
1097
38
830
523
88
491
525
515
980
1004
693
946
173
614
313
302
4
749
128
294
795
50
531
634
214
35
115
757
100
872
771
880
898
931
1093
574
679
146
354
1039
651
653
839
1048
83
307
395
169
202
773
512
10707
10705
10710
10708
10713
10711
10722
10720
10725
10723
10728
10726
10731
10729
10734
10732
10737
10735
1009
129
140
145
8
688
107
219
299
572
739
211
171
304
556
264
442
434
610
542
430
687
698
507
212
220
228
236
244
159
160
168
1034
1042
1067
1075
438
446
454
486
495
504
10703
632
982
19
56
458
465
250
258
266
333
596
581
351
549
685
741
609
1120
59
362
366
1077
149
15
181
189
599
483
186
953
1097
38
223
830
523
126
286
88
491
525
515
693
946
313
302
4
749
294
795
67
587
35
115
12
100
591
872
771
880
898
931
1093
574
679
354
207
1039
651
839
1048
83
202
773
206
222
512
10707
10705
10710
10708
10713
10711
10722
10720
10725
10723
10728
10726
10731
10729
10734
10732
10737
10735
129
140
145
8
688
12993
12994
12995
12996
12997
12998
36
180
148
187
638
897
1106
1010
1058
857
801
561
913
937
457
497
996
328
1101
783
111
704
694
836
427
988
977
698
276
284
291
216
224
232
408
416
424
1140
1141
399
407
415
1121
715
764
52
92
387
526
543
664
712
550
259
324
371
419
1133
502
583
952
966
131
311
451
672
512
10677
10675
10680
10678
10689
10687
10692
81
8
688
572
171
264
442
542
698
507
212
1034
258
564
596
581
549
609
1120
59
149
15
181
189
599
953
1097
223
452
126
338
491
525
1126
946
173
10671
313
302
4
294
795
587
35
975
115
12
100
197
591
872
771
880
898
931
1093
574
679
354
207
1039
651
1048
83
773
206
230
222
512
10707
10705
10710
10708
10713
10711
10722
10720
10725
10723
10728
10726
10731
10729
10734
10732
10737
10735
1009
129
140
145
164
8
688
320
943
648
572
1053
739
171
304
363
264
492
352
442
434
610
274
542
606
430
687
590
698
507
212
1034
1042
1067
1075
399
407
415
438
446
454
486
495
504
10703
632
982
19
56
458
465
250
258
266
333
564
596
581
351
549
685
741
609
1120
59
362
366
1077
149
15
181
189
599
483
186
953
1097
38
223
272
830
523
286
88
491
525
515
1004
693
946
313
302
4
294
795
531
35
975
115
100
771
880
898
931
1093
574
679
354
207
1039
651
839
1048
83
202
773
206
222
512
10710
10708
10713
10711
10722
10720
10725
10723
10728
10726
10731
10729
10734
10732
10737
10735
129
140
145
8
688
12993
12994
12995
12996
12997
12998
36
180
187
638
897
1106
1010
1058
857
849
801
561
913
937
457
497
996
328
1101
783
704
694
800
675
836
427
988
977
698
276
284
291
216
224
232
408
416
424
1140
1141
391
399
407
415
431
438
446
454
471
486
495
504
1121
715
764
52
92
387
526
543
664
712
550
259
324
371
419
1133
502
583
952
966
131
303
311
451
780
672
998
512
10677
10675
10680
10678
10683
10681
10689
10687
10692
10690
81
8
688
12993
12994
12995
12996
12997
12998
36
180
187
638
662
897
1106
1010
1058
857
849
801
561
913
937
457
497
996
328
1101
783
704
694
800
675
836
427
988
977
1045
698
276
284
291
216
224
232
240
248
256
408
416
424
1141
391
399
407
415
431
438
446
454
471
486
495
504
10703
1121
715
764
52
92
387
526
543
664
712
550
259
324
371
419
1133
502
583
952
966
131
303
311
451
780
672
998
354
512
10677
10675
10680
10678
10683
10681
10689
10687
10692
10690
81
8
688
12993
12994
12995
12996
12997
12998
36
180
187
638
662
897
1106
1010
1058
857
849
801
561
913
937
457
497
996
328
1101
783
831
704
694
800
675
836
427
988
977
698
276
284
291
216
224
232
240
248
256
408
416
424
391
399
407
415
431
438
446
454
471
486
495
504
10703
632
526
468
508
664
712
550
259
324
371
502
583
952
966
303
311
451
334
780
672
998
278
544
551
1105
354
512
10674
10677
10675
10680
10678
10683
10681
10689
10687
10692
10690
81
8
688
107
219
299
644
947
12993
12994
12995
12996
12997
12998
801
561
913
937
457
497
996
328
1101
783
831
704
694
800
675
836
427
988
977
1045
698
276
284
291
192
200
208
216
224
232
240
248
256
391
399
407
415
431
438
446
454
471
486
495
504
10703
10704
632
526
543
664
712
550
259
324
371
1084
502
583
952
966
303
311
327
334
780
672
998
278
544
551
1105
1022
354
112
101
512
10674
10672
10677
10675
10680
10678
10683
10681
10689
10687
10692
10690
81
153
8
688
107
219
299
644
947
12993
12994
12995
12996
12997
12998
801
561
913
937
457
497
996
328
1101
783
831
704
694
800
675
532
241
635
683
308
340
836
427
988
977
1045
698
276
284
291
192
200
216
224
232
240
248
256
391
399
407
415
431
438
446
454
471
486
495
504
10703
10704
632
526
543
664
712
550
843
1084
502
583
952
966
303
311
327
334
780
672
998
278
544
551
559
1105
1022
354
112
101
512
10674
10672
10677
10675
10680
10678
10683
10681
10686
10684
10689
10687
10692
10690
846
1009
81
153
8
688
107
219
299
644
947
12993
12994
12995
12996
12997
12998
801
561
913
937
457
497
996
328
1101
783
831
704
694
800
675
699
442
434
545
610
274
330
532
241
635
683
308
340
698
276
284
291
192
200
208
216
224
232
240
248
256
391
399
407
415
431
438
446
454
471
486
495
504
10703
10704
632
843
1037
1084
502
583
952
303
327
334
780
672
998
278
23
544
559
1105
426
1022
342
549
170
262
27
178
354
112
96
101
512
10722
10720
10674
10672
10677
10675
10680
10678
10683
10681
10686
10684
846
1009
81
153
8
688
107
219
299
644
947
12993
12994
12995
12996
12997
12998
801
561
913
937
457
497
264
492
352
476
996
328
1101
783
831
704
694
800
675
699
442
434
545
610
274
330
532
241
635
683
308
340
698
276
284
291
260
268
1139
192
200
208
216
224
232
240
248
256
391
399
407
415
431
438
446
454
471
486
495
504
10703
10704
632
1037
1084
502
583
952
327
334
780
672
998
481
458
465
473
278
23
559
411
426
1022
1031
342
549
422
1044
475
170
262
27
178
321
1097
797
771
7
354
96
101
429
512
10722
10720
10674
10672
10677
10675
10680
10678
10683
10681
10686
10684
846
1009
81
153
8
688
107
219
299
644
947
12993
12994
12995
12996
12997
12998
801
561
913
937
457
497
264
492
352
476
516
996
328
1101
783
831
704
694
800
675
699
442
434
545
610
274
532
241
635
683
308
340
698
276
284
291
260
268
1139
192
200
208
232
240
248
256
391
399
407
415
431
438
446
454
471
486
495
504
10703
10704
632
1037
1084
502
583
952
327
780
672
56
998
481
458
465
473
278
23
559
411
426
435
1022
1031
342
298
549
718
733
422
1044
475
170
262
178
1097
797
313
874
381
771
612
7
354
96
429
437
445
512
10722
10720
10674
10672
10677
10675
10680
10678
10683
10681
10686
10684
846
1009
81
153
8
688
68
667
107
219
299
644
947
12993
12994
12995
12996
12997
12998
801
561
913
937
457
497
264
492
352
476
516
442
434
610
274
330
532
241
635
683
308
340
698
507
212
220
228
159
160
168
276
284
291
260
391
399
407
415
431
438
446
454
471
486
495
504
10703
10704
632
1037
502
583
952
780
672
56
998
481
458
465
473
278
23
411
418
1022
1031
342
298
549
718
733
422
1044
475
218
1020
155
262
953
1097
470
797
313
4
381
246
128
294
374
771
612
867
1093
621
146
354
429
437
445
661
852
209
202
765
512
10713
10711
10722
10720
10674
10672
10677
10675
10680
10678
10683
10681
10686
10684
91
1009
81
153
